1162.0
964.0
961.0
939.0
938.0
866.0
865.0
260.0
225.0
210.0
204.0
197.0
174.0
256.0
251.0
4979.0
4978.0
4976.0
4975.0
3785.0
3763.0
3756.0
3737.0
3698.0
3396.0
2508.0
2493.0
2456.0
2424.0
938.0
937.0
296.0
292.0
259.0
253.0
250.0
246.0
231.0
223.0
220.0
207.0
204.0
202.0
192.0
185.0
181.0
167.0
151.0
144.0
136.0
128.0
109.0
104.0
101.0
85.0
76.0
56.0
55.0
51.0
40.0
28.0
19.0
2.0
360.0
359.0
358.0
355.0
352.0
350.0
39.0
3.0
981.0
980.0
815.0
764.0
759.0
757.0
752.0
742.0
740.0
717.0
713.0
704.0
701.0
698.0
694.0
693.0
680.0
678.0
672.0
664.0
661.0
652.0
637.0
604.0
595.0
593.0
592.0
585.0
583.0
582.0
573.0
572.0
571.0
565.0
562.0
560.0
558.0
547.0
545.0
542.0
540.0
532.0
528.0
518.0
517.0
514.0
510.0
505.0
498.0
479.0
469.0
462.0
437.0
436.0
432.0
430.0
1056.0
1051.0
1045.0
2429.0
2428.0
2426.0
2172.0
2171.0
2099.0
2080.0
2074.0
2067.0
1892.0
1875.0
1861.0
1785.0
1549.0
1335.0
1307.0
1269.0
905.0
323.0
191.0
149.0
-1.0
-1.0
-1.0
-1.0
-1.0
-1.0
-1.0
-1.0
-1.0
-1.0
-1.0
-1.0
-1.0
-1.0
-1.0
-1.0
-1.0
-1.0
-1.0
-1.0
-1.0
-1.0
-1.0
-1.0
-1.0
-1.0
-1.0
-1.0
-1.0
-1.0
-1.0
-1.0
-1.0
-1.0
-1.0
-1.0
-1.0
-1.0
-1.0
-1.0
-1.0
-1.0
-1.0
-1.0
-1.0
-1.0
-1.0
-1.0
-1.0
-1.0
-1.0
-1.0
-1.0
-1.0
-1.0
-1.0
-1.0
-1.0
-1.0
-1.0
-1.0
-1.0
-1.0
-1.0
-1.0
-1.0
-1.0
-1.0
-1.0
-1.0
-1.0
-1.0
-1.0
-1.0
-1.0
-1.0
-1.0
-1.0
-1.0
-1.0
-1.0
-1.0
-1.0
-1.0
-1.0
-1.0
-1.0
-1.0
-1.0
-1.0
-1.0
-1.0
-1.0
-1.0
-1.0
-1.0
-1.0
-1.0
-1.0
-1.0
-1.0
-1.0
