262.0
72.0
59.0
54.0
4.0
2.0
1232.0
1219.0
1070.0
1019.0
962.0
942.0
833.0
596.0
582.0
547.0
367.0
246.0
188.0
167.0
133.0
100.0
91.0
90.0
81.0
68.0
61.0
23.0
84.0
23.0
22.0
20.0
242.0
239.0
234.0
231.0
96.0
21.0
258.0
247.0
243.0
177.0
175.0
172.0
168.0
158.0
157.0
151.0
144.0
142.0
125.0
115.0
27.0
6.0
5.0
599.0
597.0
596.0
577.0
564.0
556.0
552.0
551.0
424.0
180.0
159.0
42.0
31.0
20.0
7.0
-1.0
-1.0
-1.0
-1.0
-1.0
-1.0
-1.0
-1.0
-1.0
-1.0
-1.0
-1.0
-1.0
-1.0
-1.0
-1.0
-1.0
-1.0
-1.0
-1.0
-1.0
-1.0
-1.0
-1.0
-1.0
-1.0
-1.0
-1.0
-1.0
-1.0
-1.0
-1.0
-1.0
-1.0
-1.0
-1.0
-1.0
-1.0
-1.0
-1.0
-1.0
-1.0
-1.0
-1.0
-1.0
-1.0
-1.0
-1.0
-1.0
-1.0
-1.0
-1.0
-1.0
-1.0
-1.0
-1.0
-1.0
-1.0
-1.0
-1.0
-1.0
-1.0
-1.0
-1.0
-1.0
-1.0
-1.0
-1.0
-1.0
-1.0
-1.0
-1.0
-1.0
