993.0
972.0
971.0
945.0
942.0
939.0
925.0
924.0
923.0
867.0
866.0
566.0
536.0
257.0
256.0
255.0
252.0
4979.0
4978.0
4977.0
4976.0
4714.0
4704.0
4584.0
4494.0
4033.0
4029.0
3800.0
3788.0
3737.0
2536.0
2518.0
2504.0
2494.0
2463.0
2462.0
2460.0
2458.0
2456.0
2445.0
2424.0
1695.0
296.0
175.0
72.0
55.0
46.0
360.0
359.0
358.0
357.0
356.0
355.0
354.0
353.0
2.0
987.0
985.0
984.0
983.0
982.0
697.0
694.0
658.0
629.0
576.0
565.0
465.0
454.0
441.0
437.0
432.0
1057.0
1055.0
1054.0
1053.0
1052.0
1051.0
1050.0
1049.0
1048.0
1047.0
546.0
111.0
2440.0
2439.0
2438.0
2437.0
2436.0
2435.0
2434.0
2433.0
2432.0
2431.0
2430.0
2429.0
2094.0
2093.0
2060.0
2059.0
2058.0
2034.0
2031.0
1907.0
1906.0
1892.0
1875.0
1811.0
1701.0
1549.0
1491.0
1234.0
1200.0
256.0
-1.0
-1.0
-1.0
-1.0
-1.0
-1.0
-1.0
-1.0
-1.0
-1.0
-1.0
-1.0
-1.0
-1.0
-1.0
-1.0
-1.0
-1.0
-1.0
-1.0
-1.0
-1.0
-1.0
-1.0
-1.0
-1.0
-1.0
-1.0
-1.0
-1.0
-1.0
-1.0
-1.0
-1.0
-1.0
-1.0
-1.0
-1.0
-1.0
-1.0
-1.0
-1.0
-1.0
-1.0
-1.0
-1.0
-1.0
-1.0
-1.0
-1.0
-1.0
-1.0
-1.0
-1.0
-1.0
-1.0
-1.0
-1.0
-1.0
-1.0
-1.0
-1.0
-1.0
-1.0
-1.0
-1.0
-1.0
-1.0
-1.0
-1.0
-1.0
-1.0
-1.0
-1.0
-1.0
-1.0
-1.0
-1.0
-1.0
-1.0
-1.0
-1.0
-1.0
-1.0
-1.0
-1.0
-1.0
-1.0
-1.0
-1.0
-1.0
-1.0
-1.0
-1.0
-1.0
-1.0
-1.0
-1.0
-1.0
-1.0
-1.0
-1.0
-1.0
-1.0
-1.0
-1.0
-1.0
-1.0
-1.0
-1.0
-1.0
-1.0
-1.0
-1.0
-1.0
-1.0
-1.0
-1.0
-1.0
-1.0
-1.0
-1.0
-1.0
-1.0
-1.0
-1.0
-1.0
-1.0
-1.0
-1.0
-1.0
-1.0
-1.0
-1.0
-1.0
-1.0
-1.0
-1.0
-1.0
