492.0
469.0
433.0
355.0
283.0
142.0
87.0
129.0
127.0
126.0
2488.0
1900.0
1893.0
1879.0
1878.0
1849.0
1247.0
1229.0
469.0
148.0
93.0
36.0
6.0
180.0
179.0
176.0
175.0
494.0
490.0
371.0
362.0
345.0
331.0
328.0
311.0
299.0
290.0
282.0
224.0
216.0
525.0
524.0
1214.0
1047.0
1040.0
937.0
905.0
662.0
223.0
162.0
161.0
-1.0
-1.0
-1.0
-1.0
-1.0
-1.0
-1.0
-1.0
-1.0
-1.0
-1.0
-1.0
-1.0
-1.0
-1.0
-1.0
-1.0
-1.0
-1.0
-1.0
-1.0
-1.0
-1.0
-1.0
-1.0
-1.0
-1.0
-1.0
-1.0
-1.0
-1.0
-1.0
-1.0
-1.0
-1.0
-1.0
-1.0
-1.0
-1.0
-1.0
-1.0
-1.0
-1.0
-1.0
-1.0
-1.0
-1.0
-1.0
-1.0
-1.0
-1.0
-1.0
-1.0
-1.0
-1.0
-1.0
-1.0
-1.0
-1.0
-1.0
-1.0
-1.0
-1.0
-1.0
-1.0
-1.0
-1.0
