2051.0
1987.0
1986.0
1945.0
1941.0
1911.0
1884.0
1879.0
1878.0
1875.0
1869.0
1851.0
1849.0
1847.0
1733.0
1732.0
1455.0
1421.0
1420.0
1242.0
1133.0
1132.0
568.0
420.0
349.0
318.0
515.0
514.0
513.0
512.0
511.0
510.0
509.0
508.0
504.0
503.0
498.0
9960.0
9959.0
9958.0
9957.0
9956.0
9955.0
9954.0
9952.0
9951.0
9950.0
9914.0
9870.0
8982.0
8158.0
8065.0
8022.0
7571.0
7517.0
7478.0
7477.0
5461.0
5072.0
4926.0
4925.0
4916.0
4890.0
4885.0
1875.0
1056.0
592.0
272.0
210.0
201.0
144.0
129.0
110.0
103.0
32.0
25.0
718.0
717.0
716.0
714.0
713.0
712.0
711.0
710.0
709.0
708.0
707.0
37.0
1975.0
1974.0
1972.0
1971.0
1970.0
1969.0
1968.0
1967.0
1966.0
1965.0
1964.0
1963.0
1960.0
1631.0
1566.0
1507.0
1483.0
1448.0
1380.0
1345.0
1317.0
1310.0
1258.0
1245.0
1229.0
1174.0
1161.0
1142.0
1141.0
1134.0
1131.0
1116.0
1093.0
1077.0
1063.0
1056.0
1040.0
1029.0
925.0
909.0
876.0
874.0
865.0
860.0
856.0
852.0
658.0
2114.0
2113.0
2112.0
2111.0
2110.0
2109.0
2108.0
2107.0
2106.0
2105.0
2104.0
2103.0
2102.0
2101.0
2100.0
2099.0
2098.0
2097.0
2096.0
2095.0
2094.0
926.0
925.0
593.0
222.0
4879.0
4877.0
4876.0
4875.0
4874.0
4873.0
4872.0
4871.0
4870.0
4869.0
4868.0
4867.0
4866.0
4865.0
4864.0
4863.0
4862.0
4861.0
4860.0
4859.0
4858.0
4855.0
4852.0
4190.0
4185.0
4159.0
4147.0
4119.0
4109.0
4067.0
3814.0
3806.0
3644.0
3561.0
3097.0
2980.0
2713.0
2669.0
2545.0
891.0
664.0
646.0
628.0
522.0
512.0
509.0
381.0
298.0
-1.0
-1.0
-1.0
-1.0
-1.0
-1.0
-1.0
-1.0
-1.0
-1.0
-1.0
-1.0
-1.0
-1.0
-1.0
-1.0
-1.0
-1.0
-1.0
-1.0
-1.0
-1.0
-1.0
-1.0
-1.0
-1.0
-1.0
-1.0
-1.0
-1.0
-1.0
-1.0
-1.0
-1.0
-1.0
-1.0
-1.0
-1.0
-1.0
-1.0
-1.0
-1.0
-1.0
-1.0
-1.0
-1.0
-1.0
-1.0
-1.0
-1.0
-1.0
-1.0
-1.0
-1.0
-1.0
-1.0
-1.0
-1.0
-1.0
-1.0
-1.0
-1.0
-1.0
-1.0
-1.0
-1.0
-1.0
-1.0
-1.0
-1.0
-1.0
-1.0
-1.0
-1.0
-1.0
-1.0
-1.0
-1.0
-1.0
-1.0
-1.0
-1.0
-1.0
-1.0
-1.0
-1.0
-1.0
-1.0
-1.0
-1.0
-1.0
-1.0
-1.0
-1.0
-1.0
-1.0
-1.0
-1.0
-1.0
-1.0
-1.0
-1.0
-1.0
-1.0
-1.0
-1.0
-1.0
-1.0
-1.0
-1.0
-1.0
-1.0
-1.0
-1.0
-1.0
-1.0
-1.0
-1.0
-1.0
-1.0
-1.0
-1.0
-1.0
-1.0
-1.0
-1.0
-1.0
-1.0
-1.0
-1.0
-1.0
-1.0
-1.0
-1.0
-1.0
-1.0
-1.0
-1.0
-1.0
-1.0
-1.0
-1.0
-1.0
-1.0
-1.0
-1.0
-1.0
-1.0
-1.0
-1.0
-1.0
-1.0
-1.0
-1.0
-1.0
-1.0
-1.0
-1.0
-1.0
-1.0
-1.0
-1.0
-1.0
-1.0
-1.0
-1.0
-1.0
-1.0
-1.0
-1.0
-1.0
-1.0
-1.0
-1.0
-1.0
-1.0
-1.0
-1.0
-1.0
-1.0
-1.0
-1.0
-1.0
-1.0
-1.0
-1.0
-1.0
-1.0
-1.0
-1.0
-1.0
-1.0
-1.0
-1.0
-1.0
-1.0
-1.0
-1.0
-1.0
-1.0
-1.0
-1.0
-1.0
-1.0
-1.0
-1.0
-1.0
-1.0
-1.0
-1.0
-1.0
-1.0
-1.0
-1.0
-1.0
-1.0
-1.0
-1.0
-1.0
-1.0
-1.0
-1.0
-1.0
-1.0
-1.0
-1.0
-1.0
-1.0
-1.0
-1.0
-1.0
-1.0
-1.0
-1.0
-1.0
-1.0
-1.0
-1.0
-1.0
-1.0
-1.0
-1.0
-1.0
-1.0
-1.0
-1.0
-1.0
-1.0
-1.0
-1.0
-1.0
-1.0
-1.0
-1.0
-1.0
-1.0
-1.0
-1.0
-1.0
-1.0
-1.0
-1.0
-1.0
-1.0
-1.0
-1.0
-1.0
-1.0
-1.0
-1.0
-1.0
