283.0
136.0
129.0
127.0
116.0
87.0
83.0
2353.0
2083.0
2013.0
1899.0
1879.0
1878.0
1365.0
178.0
164.0
122.0
100.0
89.0
88.0
81.0
45.0
31.0
14.0
4.0
407.0
380.0
372.0
371.0
367.0
356.0
354.0
333.0
317.0
304.0
302.0
297.0
292.0
285.0
281.0
274.0
265.0
253.0
249.0
224.0
529.0
64.0
1212.0
1086.0
940.0
583.0
97.0
92.0
30.0
-1.0
-1.0
-1.0
-1.0
-1.0
-1.0
-1.0
-1.0
-1.0
-1.0
-1.0
-1.0
-1.0
-1.0
-1.0
-1.0
-1.0
-1.0
-1.0
-1.0
-1.0
-1.0
-1.0
-1.0
-1.0
-1.0
-1.0
-1.0
-1.0
-1.0
-1.0
-1.0
-1.0
-1.0
-1.0
-1.0
-1.0
-1.0
-1.0
-1.0
-1.0
