2007.0
1992.0
1991.0
1987.0
1986.0
1985.0
1968.0
1945.0
1942.0
1941.0
1939.0
1891.0
1885.0
1858.0
1849.0
1847.0
1782.0
1740.0
1735.0
1733.0
1354.0
1242.0
1133.0
1072.0
444.0
335.0
516.0
515.0
513.0
512.0
511.0
510.0
509.0
506.0
505.0
504.0
503.0
9960.0
9959.0
9958.0
9956.0
9955.0
9954.0
9952.0
9429.0
9410.0
9408.0
9169.0
9093.0
9071.0
9047.0
9017.0
9014.0
8989.0
8981.0
8158.0
8066.0
8065.0
8062.0
8059.0
8058.0
8056.0
8021.0
7601.0
7576.0
7517.0
7511.0
7509.0
7496.0
7478.0
7477.0
7475.0
7474.0
7397.0
5805.0
5597.0
5552.0
5375.0
5089.0
5076.0
5073.0
5072.0
5036.0
5035.0
5030.0
5029.0
5008.0
4989.0
4988.0
4985.0
4927.0
4926.0
4925.0
4921.0
4916.0
4915.0
4913.0
4896.0
4895.0
4891.0
4890.0
4889.0
4885.0
4874.0
4848.0
4847.0
3390.0
1328.0
626.0
592.0
532.0
463.0
372.0
350.0
334.0
223.0
210.0
207.0
145.0
144.0
138.0
110.0
93.0
39.0
719.0
717.0
716.0
715.0
714.0
713.0
712.0
711.0
710.0
709.0
708.0
705.0
53.0
37.0
1975.0
1974.0
1971.0
1970.0
1969.0
1968.0
1967.0
1966.0
1965.0
1964.0
1961.0
1631.0
1592.0
1483.0
1451.0
1395.0
1389.0
1380.0
1378.0
1356.0
1317.0
1258.0
1241.0
1174.0
1153.0
1131.0
1127.0
1095.0
1061.0
1040.0
1037.0
944.0
934.0
930.0
909.0
897.0
883.0
874.0
865.0
861.0
852.0
2114.0
2112.0
2111.0
2110.0
2109.0
2108.0
2107.0
2106.0
2105.0
2104.0
2103.0
2102.0
2101.0
2100.0
2099.0
2098.0
2097.0
2096.0
2095.0
2064.0
1218.0
1093.0
926.0
925.0
222.0
215.0
205.0
4879.0
4878.0
4877.0
4876.0
4875.0
4874.0
4873.0
4872.0
4871.0
4870.0
4869.0
4868.0
4867.0
4866.0
4865.0
4864.0
4863.0
4862.0
4861.0
4860.0
4859.0
4858.0
4326.0
4247.0
4197.0
4190.0
4187.0
4185.0
4161.0
4159.0
4147.0
4121.0
4120.0
4119.0
4118.0
4117.0
4116.0
4109.0
4093.0
4067.0
4062.0
3835.0
3830.0
3814.0
3812.0
3807.0
3798.0
3783.0
3761.0
3760.0
3750.0
3749.0
3747.0
3716.0
3711.0
3674.0
3672.0
3644.0
3642.0
3621.0
3620.0
3571.0
3563.0
3561.0
3502.0
3488.0
3401.0
3323.0
3320.0
3097.0
2983.0
2981.0
2669.0
2638.0
2598.0
2593.0
2467.0
2400.0
2399.0
2333.0
2280.0
2274.0
891.0
646.0
585.0
568.0
529.0
512.0
509.0
508.0
-1.0
-1.0
-1.0
-1.0
-1.0
-1.0
-1.0
-1.0
-1.0
-1.0
-1.0
-1.0
-1.0
-1.0
-1.0
-1.0
-1.0
-1.0
-1.0
-1.0
-1.0
-1.0
-1.0
-1.0
-1.0
-1.0
-1.0
-1.0
-1.0
-1.0
-1.0
-1.0
-1.0
-1.0
-1.0
-1.0
-1.0
-1.0
-1.0
-1.0
-1.0
-1.0
-1.0
-1.0
-1.0
-1.0
-1.0
-1.0
-1.0
-1.0
-1.0
-1.0
-1.0
-1.0
-1.0
-1.0
-1.0
-1.0
-1.0
-1.0
-1.0
-1.0
-1.0
-1.0
-1.0
-1.0
-1.0
-1.0
-1.0
-1.0
-1.0
-1.0
-1.0
-1.0
-1.0
-1.0
-1.0
-1.0
-1.0
-1.0
-1.0
-1.0
-1.0
-1.0
-1.0
-1.0
-1.0
-1.0
-1.0
-1.0
-1.0
-1.0
-1.0
-1.0
-1.0
-1.0
-1.0
-1.0
-1.0
-1.0
-1.0
-1.0
-1.0
-1.0
-1.0
-1.0
-1.0
-1.0
-1.0
-1.0
-1.0
-1.0
-1.0
-1.0
-1.0
-1.0
-1.0
-1.0
-1.0
-1.0
-1.0
-1.0
-1.0
-1.0
-1.0
-1.0
-1.0
-1.0
-1.0
-1.0
-1.0
-1.0
-1.0
-1.0
-1.0
-1.0
-1.0
-1.0
-1.0
-1.0
-1.0
-1.0
-1.0
-1.0
-1.0
-1.0
-1.0
-1.0
-1.0
-1.0
-1.0
-1.0
-1.0
-1.0
-1.0
-1.0
-1.0
-1.0
-1.0
-1.0
-1.0
-1.0
-1.0
-1.0
-1.0
-1.0
-1.0
-1.0
-1.0
-1.0
-1.0
-1.0
-1.0
-1.0
-1.0
-1.0
-1.0
-1.0
-1.0
-1.0
-1.0
-1.0
-1.0
-1.0
-1.0
-1.0
-1.0
-1.0
-1.0
-1.0
-1.0
-1.0
-1.0
-1.0
-1.0
-1.0
-1.0
-1.0
-1.0
-1.0
-1.0
-1.0
-1.0
-1.0
-1.0
-1.0
-1.0
-1.0
-1.0
-1.0
-1.0
-1.0
-1.0
-1.0
-1.0
-1.0
-1.0
-1.0
-1.0
-1.0
-1.0
-1.0
-1.0
-1.0
-1.0
-1.0
-1.0
-1.0
-1.0
-1.0
-1.0
-1.0
-1.0
-1.0
-1.0
-1.0
-1.0
-1.0
-1.0
-1.0
-1.0
-1.0
-1.0
-1.0
-1.0
-1.0
-1.0
-1.0
-1.0
-1.0
-1.0
-1.0
-1.0
-1.0
-1.0
-1.0
-1.0
-1.0
-1.0
-1.0
-1.0
-1.0
-1.0
-1.0
-1.0
-1.0
-1.0
-1.0
-1.0
-1.0
-1.0
-1.0
-1.0
-1.0
-1.0
-1.0
-1.0
-1.0
-1.0
-1.0
-1.0
-1.0
-1.0
-1.0
-1.0
-1.0
-1.0
-1.0
-1.0
-1.0
-1.0
-1.0
-1.0
-1.0
-1.0
-1.0
-1.0
-1.0
-1.0
-1.0
-1.0
-1.0
-1.0
-1.0
-1.0
-1.0
-1.0
-1.0
-1.0
-1.0
-1.0
-1.0
-1.0
-1.0
-1.0
